Testing Accuracy: 90.8041954041%

Precision: 90.68076524%
Recall: 90.8042076688%
f1_score: 90.7071186112%

